1000 1111 1110 0001 0000 0000 0000 0000 8FE10000
0000 0000 0100 0011 0000 1000 0010 0000 00430820
0000 0000 0000 0000 0000 0000 0000 0000 00000000
0000 0010 0101 0010 1110 0000 0010 0010 0252E022
0010 0000 1000 0001 0000 0000 0000 0000 20810000
1000 0011 1010 0011 0000 0000 0000 0000 83A30000
1010 1110 1111 1000 0000 0000 0000 0000 AEF80000
1010 0011 1100 0000 0000 0000 0000 0000 A3C00000
0011 1100 0001 1111 0000 0000 0000 0000 3C1F0000
0000 0011 0010 1111 0101 1000 0010 1010 032F582A
0010 1001 1110 1100 0000 0000 0000 0000 29EC0000
0001 0011 0101 1001 0000 0000 0000 0000 13590000
0001 0111 1010 0111 0000 0000 0000 0000 17A70000
0000 1000 0000 0000 0000 0000 0000 0000 08000000
0000 0011 1110 0000 0000 0000 0000 1000 03E00008
0000 1100 0000 0000 0000 0000 0000 0000 0C000000
